0 Add:       23 31 56
0 Add:       0 115 264
0 Add:       28 144 317
0 Add:       35 165 356
1 Add:       30 29 52
1 Add:       1 98 220
1 Add:       27 127 270
1 Add:       31 154 320
1 Add:       37 175 354
2 Add:       29 27 47
2 Add:       2 71 201
2 Add:       34 97 247
2 Add:       36 120 284
2 Add:       38 144 317
2 Add:       41 164 346
2 Add:       53 174 356
3 Add:       42 15 29
3 Add:       3 62 176
3 Add:       39 81 203
3 Add:       40 102 228
3 Add:       43 119 252
3 Add:       44 136 275
3 Add:       48 153 294
3 Add:       22 174 355
4 Add:       46 15 19
4 Add:       4 73 149
4 Add:       45 88 167
4 Add:       8 116 291
4 Add:       47 131 309
4 Add:       51 145 326
4 Add:       49 159 342
4 Add:       52 170 355
[(356, 165), (354, 175), (356, 174), (355, 174), (355, 170), (1791, 773)]

 ===== Process. Execute time was:
Minutes: 0.00
Seconds: 0.03

 ===== Save. Execute time was:
Minutes: 0.00
Seconds: 0.00
